# [reference standard]
# imdb2009
# reeves wachowski
([39702578, 8287061, 44278661, 16451298, 39916397], [(8287061, 39702578), (8287061, 44278661), (16451298, 44278661), (16451298, 39916397)]) # "The Matrix" producer
([39702578, 8287061, 44278661, 17971010, 39916397], [(8287061, 39702578), (8287061, 44278661), (17971010, 44278661), (17971010, 39916397)]) # "The Matrix" writer
([39702578, 8287061, 44278661, 20085605, 39916397], [(8287061, 39702578), (8287061, 44278661), (20085605, 44278661), (20085605, 39916397)]) # "The Matrix" director
([39702578, 8287061, 44278661, 16451308, 39917246], [(8287061, 39702578), (8287061, 44278661), (16451308, 44278661), (16451308, 39917246)]) # "The Matrix" producer
([39702578, 8287061, 44278661, 17971029, 39917246], [(8287061, 39702578), (8287061, 44278661), (17971029, 44278661), (17971029, 39917246)]) # "The Matrix" writer
([39702578, 8287061, 44278661, 20085613, 39917246], [(8287061, 39702578), (8287061, 44278661), (20085613, 44278661), (20085613, 39917246)]) # "The Matrix" director
([39702578, 8287013, 43937109, 17971006, 39916397], [(8287013, 39702578), (8287013, 43937109), (17971006, 43937109), (17971006, 39916397)]) # "Kid's Story" writer
([39702578, 8287013, 43937109, 17971025, 39917246], [(8287013, 39702578), (8287013, 43937109), (17971025, 43937109), (17971025, 39917246)]) # "Kid's Story" writer
([39702578, 8287063, 44240541, 20085607, 39916397], [(8287063, 39702578), (8287063, 44240541), (20085607, 44240541), (20085607, 39916397)]) # "The Matrix Reloaded" director
([39702578, 8287063, 44240541, 17971013, 39916397], [(8287063, 39702578), (8287063, 44240541), (17971013, 44240541), (17971013, 39916397)]) # "The Matrix Reloaded" writer
([39702578, 8287063, 44240541, 16451299, 39916397], [(8287063, 39702578), (8287063, 44240541), (16451299, 44240541), (16451299, 39916397)]) # "The Matrix Reloaded" producer
([39702578, 8287063, 44240541, 17971012, 39916397], [(8287063, 39702578), (8287063, 44240541), (17971012, 44240541), (17971012, 39916397)]) # "The Matrix Reloaded" writer
([39702578, 8287063, 44240541, 17971032, 39917246], [(8287063, 39702578), (8287063, 44240541), (17971032, 44240541), (17971032, 39917246)]) # "The Matrix Reloaded" writer
([39702578, 8287063, 44240541, 20085615, 39917246], [(8287063, 39702578), (8287063, 44240541), (20085615, 44240541), (20085615, 39917246)]) # "The Matrix Reloaded" director
([39702578, 8287063, 44240541, 16451309, 39917246], [(8287063, 39702578), (8287063, 44240541), (16451309, 44240541), (16451309, 39917246)]) # "The Matrix Reloaded" producer
([39702578, 8287063, 44240541, 17971031, 39917246], [(8287063, 39702578), (8287063, 44240541), (17971031, 44240541), (17971031, 39917246)]) # "The Matrix Reloaded" writer
([39702578, 8287066, 44313051, 17971014, 39916397], [(8287066, 39702578), (8287066, 44313051), (17971014, 44313051), (17971014, 39916397)]) # "The Matrix Revolutions" writer
([39702578, 8287066, 44313051, 20085608, 39916397], [(8287066, 39702578), (8287066, 44313051), (20085608, 44313051), (20085608, 39916397)]) # "The Matrix Revolutions" director
([39702578, 8287066, 44313051, 16451301, 39916397], [(8287066, 39702578), (8287066, 44313051), (16451301, 44313051), (16451301, 39916397)]) # "The Matrix Revolutions" producer
([39702578, 8287066, 44313051, 17971015, 39916397], [(8287066, 39702578), (8287066, 44313051), (17971015, 44313051), (17971015, 39916397)]) # "The Matrix Revolutions" writer
([39702578, 8287066, 44313051, 16451311, 39917246], [(8287066, 39702578), (8287066, 44313051), (16451311, 44313051), (16451311, 39917246)]) # "The Matrix Revolutions" producer
([39702578, 8287066, 44313051, 17971034, 39917246], [(8287066, 39702578), (8287066, 44313051), (17971034, 44313051), (17971034, 39917246)]) # "The Matrix Revolutions" writer
([39702578, 8287066, 44313051, 20085616, 39917246], [(8287066, 39702578), (8287066, 44313051), (20085616, 44313051), (20085616, 39917246)]) # "The Matrix Revolutions" director
([39702578, 8287066, 44313051, 17971033, 39917246], [(8287066, 39702578), (8287066, 44313051), (17971033, 44313051), (17971033, 39917246)]) # "The Matrix Revolutions" writer
