# page AlleborgoBot
([179754, 1505658, 174344], [(1505658, 179754), (1505658, 174344)]) # Algebraic_structure
([182488, 1508121, 174344], [(1508121, 182488), (1508121, 174344)]) # Sardar_Vallabhbhai_Patel
([181816, 1508739, 174344], [(1508739, 181816), (1508739, 174344)]) # United_States_Virgin_Islands
([180409, 1509979, 174344], [(1509979, 180409), (1509979, 174344)]) # 1791
([180423, 1509989, 174344], [(1509989, 180423), (1509989, 174344)]) # 1775
([182811, 1509999, 174344], [(1509999, 182811), (1509999, 174344)]) # 1751
([182447, 1510070, 174344], [(1510070, 182447), (1510070, 174344)]) # 1890
([181234, 1510080, 174344], [(1510080, 181234), (1510080, 174344)]) # 1796
([180373, 1510099, 174344], [(1510099, 180373), (1510099, 174344)]) # 1876
([180316, 1510102, 174344], [(1510102, 180316), (1510102, 174344)]) # 1781
([180652, 1510133, 174344], [(1510133, 180652), (1510133, 174344)]) # 1868
([180118, 1510179, 174344], [(1510179, 180118), (1510179, 174344)]) # 1866
([180200, 1510216, 174344], [(1510216, 180200), (1510216, 174344)]) # 1757
